0.0038483
0.0030666
5.0348e-05
-0.0037407
-0.0045034
-0.0017912
0.0007224
1.3144e-05
-0.0022208
-0.0020109
0.0010822
0.0031422
0.0015315
-0.0010779
-0.00043313
0.0029025
0.004006
0.00076488
-0.0026906
-0.0017442
0.0017646
0.0019361
-0.0024566
-0.0056827
-0.0031704
0.0015475
0.0016562
-0.0028601
-0.0047815
-0.00014112
0.0055022
0.0047459
-0.00074279
-0.0023126
0.0029914
0.0076111
0.0042118
-0.0033054
-0.0049902
0.00068718
0.004262
-0.00098919
-0.0087422
-0.0083045
-0.00023105
0.0040543
-0.0012342
-0.0074601
-0.0038753
0.0063805
0.01018
0.0032434
-0.0033697
0.00083127
0.010142
0.010421
-0.00035268
-0.0085515
-0.0042194
0.0043659
0.0024496
-0.0095
-0.015689
-0.0074192
0.0040162
0.0031752
-0.0071489
-0.0095038
0.0030027
0.015909
0.013344
0.00079844
-0.0023291
0.0093205
0.018519
0.0095634
-0.0086328
-0.014078
-0.0027112
0.005209
-0.006201
-0.024559
-0.025125
-0.0057669
0.0085674
0.0003142
-0.014699
-0.0080923
0.02001
0.037755
0.024315
0.00090537
0.0037022
0.031629
0.042192
0.0079829
-0.039729
-0.046153
-0.0096977
0.0031683
-0.059923
-0.1517
-0.15349
-0.0061151
0.20132
0.29897
0.20132
-0.0061151
-0.15349
-0.1517
-0.059923
0.0031683
-0.0096977
-0.046153
-0.039729
0.0079829
0.042192
0.031629
0.0037022
0.00090537
0.024315
0.037755
0.02001
-0.0080923
-0.014699
0.0003142
0.0085674
-0.0057669
-0.025125
-0.024559
-0.006201
0.005209
-0.0027112
-0.014078
-0.0086328
0.0095634
0.018519
0.0093205
-0.0023291
0.00079844
0.013344
0.015909
0.0030027
-0.0095038
-0.0071489
0.0031752
0.0040162
-0.0074192
-0.015689
-0.0095
0.0024496
0.0043659
-0.0042194
-0.0085515
-0.00035268
0.010421
0.010142
0.00083127
-0.0033697
0.0032434
0.01018
0.0063805
-0.0038753
-0.0074601
-0.0012342
0.0040543
-0.00023105
-0.0083045
-0.0087422
-0.00098919
0.004262
0.00068718
-0.0049902
-0.0033054
0.0042118
0.0076111
0.0029914
-0.0023126
-0.00074279
0.0047459
0.0055022
-0.00014112
-0.0047815
-0.0028601
0.0016562
0.0015475
-0.0031704
-0.0056827
-0.0024566
0.0019361
0.0017646
-0.0017442
-0.0026906
0.00076488
0.004006
0.0029025
-0.00043313
-0.0010779
0.0015315
0.0031422
0.0010822
-0.0020109
-0.0022208
1.3144e-05
0.0007224
-0.0017912
-0.0045034
-0.0037407
5.0348e-05
0.0030666
0.0038483
